2.399999999999999911e+00 0.000000000000000000e+00
2.600000000000000089e+00 -1.300000000000000044e+00
3.200000000000000178e+00 -2.700000000000000178e+00
3.600000000000000089e+00 0.000000000000000000e+00
4.000000000000000000e+00 -2.700000000000000178e+00
6.200000000000000178e+00 -2.700000000000000178e+00
6.599999999999999645e+00 -2.700000000000000178e+00
6.799999999999999822e+00 -1.300000000000000044e+00
7.799999999999999822e+00 -2.700000000000000178e+00
8.199999999999999289e+00 -2.700000000000000178e+00
8.800000000000000711e+00 -1.300000000000000044e+00
9.599999999999999645e+00 -2.700000000000000178e+00
1.000000000000000000e+01 -2.700000000000000178e+00
1.019999999999999929e+01 -5.400000000000000355e+00
1.059999999999999964e+01 -2.700000000000000178e+00
1.100000000000000000e+01 -5.400000000000000355e+00
1.140000000000000036e+01 0.000000000000000000e+00
1.319999999999999929e+01 -2.700000000000000178e+00
1.359999999999999964e+01 -2.700000000000000178e+00
1.380000000000000071e+01 0.000000000000000000e+00
1.459999999999999964e+01 -1.330000000000000071e+01
1.480000000000000071e+01 -2.700000000000000178e+00
1.540000000000000036e+01 -2.280000000000000071e+01
1.559999999999999964e+01 -4.020000000000000284e+01
1.580000000000000071e+01 -2.150000000000000000e+01
1.600000000000000000e+01 -4.289999999999999858e+01
1.619999999999999929e+01 -2.150000000000000000e+01
1.639999999999999858e+01 -5.400000000000000355e+00
1.660000000000000142e+01 -5.900000000000000000e+01
1.680000000000000071e+01 -7.100000000000000000e+01
1.760000000000000142e+01 -3.750000000000000000e+01
1.780000000000000071e+01 -9.909999999999999432e+01
1.860000000000000142e+01 -1.125000000000000000e+02
1.919999999999999929e+01 -1.230999999999999943e+02
1.939999999999999858e+01 -8.559999999999999432e+01
1.960000000000000142e+01 -1.272000000000000028e+02
2.019999999999999929e+01 -1.230999999999999943e+02
2.039999999999999858e+01 -1.179000000000000057e+02
2.119999999999999929e+01 -1.340000000000000000e+02
2.139999999999999858e+01 -1.019000000000000057e+02
2.180000000000000071e+01 -1.084000000000000057e+02
2.200000000000000000e+01 -1.230999999999999943e+02
2.319999999999999929e+01 -1.230999999999999943e+02
2.339999999999999858e+01 -1.285000000000000000e+02
2.400000000000000000e+01 -1.125000000000000000e+02
2.419999999999999929e+01 -9.509999999999999432e+01
2.460000000000000142e+01 -5.350000000000000000e+01
2.500000000000000000e+01 -6.440000000000000568e+01
2.539999999999999858e+01 -7.229999999999999716e+01
2.560000000000000142e+01 -2.680000000000000071e+01
2.600000000000000000e+01 -5.400000000000000355e+00
2.619999999999999929e+01 -1.070999999999999943e+02
2.639999999999999858e+01 -6.559999999999999432e+01
2.700000000000000000e+01 -1.600000000000000000e+01
2.719999999999999929e+01 -4.560000000000000142e+01
2.760000000000000142e+01 4.000000000000000000e+00
2.819999999999999929e+01 1.200000000000000000e+01
2.839999999999999858e+01 -2.150000000000000000e+01
2.860000000000000142e+01 4.689999999999999858e+01
2.939999999999999858e+01 -1.739999999999999858e+01
3.019999999999999929e+01 3.620000000000000284e+01
3.100000000000000000e+01 7.500000000000000000e+01
3.119999999999999929e+01 8.099999999999999645e+00
3.200000000000000000e+01 5.489999999999999858e+01
3.279999999999999716e+01 4.689999999999999858e+01
3.339999999999999858e+01 1.600000000000000000e+01
3.379999999999999716e+01 4.560000000000000142e+01
3.439999999999999858e+01 1.300000000000000044e+00
3.479999999999999716e+01 7.500000000000000000e+01
3.520000000000000284e+01 -1.600000000000000000e+01
3.539999999999999858e+01 6.959999999999999432e+01
3.560000000000000142e+01 3.479999999999999716e+01
3.620000000000000284e+01 -3.750000000000000000e+01
3.800000000000000000e+01 4.689999999999999858e+01
3.920000000000000284e+01 5.400000000000000355e+00
3.939999999999999858e+01 -1.300000000000000044e+00
4.000000000000000000e+01 -2.150000000000000000e+01
4.039999999999999858e+01 -1.330000000000000071e+01
4.160000000000000142e+01 3.080000000000000071e+01
4.239999999999999858e+01 2.939999999999999858e+01
4.279999999999999716e+01 0.000000000000000000e+00
4.300000000000000000e+01 1.469999999999999929e+01
4.400000000000000000e+01 -1.300000000000000044e+00
4.439999999999999858e+01 0.000000000000000000e+00
4.500000000000000000e+01 1.069999999999999929e+01
4.660000000000000142e+01 1.069999999999999929e+01
4.779999999999999716e+01 -2.680000000000000071e+01
4.879999999999999716e+01 -1.330000000000000071e+01
5.060000000000000142e+01 0.000000000000000000e+00
5.200000000000000000e+01 1.069999999999999929e+01
5.320000000000000284e+01 -1.469999999999999929e+01
5.500000000000000000e+01 -2.700000000000000178e+00
5.539999999999999858e+01 -2.700000000000000178e+00
